      1 maleID
     10 1
      2 2
     61 3
     46 4
     28 5
      7 6
      5 7
     17 8
      4 9
     21 10
     26 11
     23 12
     16 13
      1 14
     40 15
     31 16
      3 17
      4 18
      3 19
      4 20
     12 21
      5 22
     36 23
     35 24
     35 25
     22 26
      5 27
     33 29
     63 30
      1 31
      3 32
      1 33
     16 34
      5 35
     39 36
     38 37
      1 38
      3 39
     32 40
     53 41
      5 42
      2 43
     56 44
      1 45
     24 46
     34 47
     23 48
     19 49
     21 50
     25 51
      6 52
      3 53
     22 54
     20 55
     41 56
     46 57
      1 58
     25 59
     51 60
     20 61
     13 62
     35 63
     34 64
     38 65
     20 66
      1 67
     10 68
     22 69
     33 70
      5 71
      2 72
     10 73
      1 74
     15 75
     39 76
      2 77
     29 78
      4 79
     35 80
      1 81
     27 82
      2 83
     11 84
      1 85
     39 86
     18 87
     46 88
     25 89
     24 90
     32 91
      1 92
      7 93
     25 94
     71 95
     17 96
     17 97
      5 98
      2 99
     13 100
     26 101
     15 102
     26 103
     29 104
      6 105
     46 106
      7 107
     41 108
     28 109
      3 110
     24 111
      3 112
      1 113
      1 114
      1 115
     14 116
     23 118
      1 119
     42 120
     12 121
      9 122
     39 123
      1 124
     39 125
     15 126
     13 127
